0.100000 -2.591031 4.773700 60.272506 130.453460 185.914998
0.114915 -2.351122 4.300593 52.362093 113.672775 161.691413
0.129830 -2.062798 3.733643 46.373772 100.548115 143.136264
0.144745 -1.835795 3.288849 41.618594 90.129728 128.405355
0.159660 -1.652329 2.930808 37.751562 81.663968 116.424944
0.174575 -1.500886 2.636498 34.545379 74.647769 106.491192
0.189489 -1.373687 2.390387 31.844211 68.738370 98.121025
0.204404 -1.265283 2.181609 29.537638 63.693181 90.972302
0.219319 -1.171742 2.002327 27.545243 59.335678 84.795915
0.234234 -1.090159 1.846748 25.807068 55.534347 79.406182
0.249149 -1.018337 1.710501 24.277496 52.189198 74.661862
0.264064 -0.954585 1.590222 22.921207 49.222855 70.453632
0.278979 -0.897579 1.483279 21.710427 46.574501 66.695516
0.293894 -0.846270 1.387594 20.623009 44.195676 63.319004
0.308809 -0.799811 1.301465 19.641104 42.047295 60.268809
0.323724 -0.757516 1.223555 18.750119 40.097472 57.499838
0.338639 -0.718818 1.152740 17.938046 38.319952 54.974935
0.353554 -0.683248 1.088082 17.194909 36.692906 52.663216
0.368468 -0.650411 1.028817 16.512330 35.198051 50.538793
0.383383 -0.619977 0.974281 15.883243 33.819938 48.579810
0.398298 -0.591661 0.923922 15.301644 32.545446 46.767680
0.413213 -0.565225 0.877380 14.762348 31.363292 45.086519
0.428128 -0.540447 0.833910 14.261042 30.263969 43.522590
0.443043 -0.517158 0.793489 13.793787 29.238956 42.064100
0.457958 -0.495195 0.755711 13.357278 28.281036 40.700732
0.472873 -0.474416 0.720276 12.948627 27.383852 39.423482
0.487788 -0.454699 0.686974 12.565258 26.541829 38.224453
0.502703 -0.435933 0.655593 12.204919 25.750054 37.096680
0.517618 -0.418018 0.625930 11.865632 25.004176 36.034003
0.532533 -0.400870 0.597969 11.545615 24.308743 35.026910
0.547447 -0.384396 0.571145 11.243294 23.635102 34.082651
0.562362 -0.368532 0.545727 10.957265 23.005388 33.184745
0.577277 -0.353210 0.521489 10.686239 22.408446 32.333330
0.592192 -0.338356 0.498236 10.429137 21.841793 31.524881
0.607107 -0.323920 0.475938 10.184883 21.303195 30.756242
0.622022 -0.309843 0.454489 9.952553 20.790636 30.024545
0.636937 -0.296066 0.433761 9.731338 20.302277 29.327192
0.651852 -0.282540 0.413701 9.520448 19.836461 28.661804
0.666767 -0.269207 0.394222 9.319193 19.391673 28.026304
0.681682 -0.256014 0.375223 9.126953 18.966526 27.418660
0.696597 -0.242922 0.356730 8.943087 18.559750 26.837125
0.711512 -0.229828 0.338397 8.767207 18.170224 26.279999
0.726426 -0.216708 0.320388 8.598694 17.796844 25.745835
0.741341 -0.203485 0.302565 8.437119 17.438656 25.233227
0.756256 -0.190058 0.284748 8.282125 17.094745 24.740897
0.771171 -0.176345 0.266898 8.133284 16.764298 24.267671
0.786086 -0.162219 0.248853 7.990243 16.446530 23.812461
0.801001 -0.147513 0.230417 7.852711 16.140740 23.374259
0.815916 -0.132209 0.212112 7.720241 15.845940 22.952273
0.830831 -0.115422 0.191454 7.592902 15.562521 22.545214
0.845746 -0.097206 0.170050 7.470107 15.288904 22.152700
0.860661 -0.076513 0.146374 7.351675 15.024910 21.773845
0.875576 -0.051225 0.118178 7.237484 14.770027 21.407936
0.890490 -0.014103 0.078319 7.127235 14.523810 21.054338
0.905405 0.030819 0.030819 7.020735 14.285834 20.712437
0.920320 0.029574 0.029574 6.917854 14.055680 20.381662
0.935235 0.028510 0.028510 6.818367 13.847356 20.054548
0.950150 0.027280 0.027280 6.722134 13.617405 19.751398
0.965065 0.026207 0.026207 6.629017 13.408589 19.450942
0.979980 0.025531 0.025531 6.537383 13.208390 19.158208
0.994895 0.027360 0.027360 6.450279 13.007895 18.876414
1.009810 0.023609 0.023609 6.365476 12.821800 18.601690
1.024725 0.022707 0.022707 6.283466 12.637094 18.335640
1.039640 0.021886 0.021886 6.203858 12.457802 18.077273
1.054555 0.021039 0.021039 6.126716 12.283669 17.826227
1.069469 0.020258 0.020258 6.051796 12.114493 17.582232
1.084384 0.019528 0.019528 5.979010 11.950077 17.344985
1.099299 0.018805 0.018805 5.908356 11.790200 17.114209
1.114214 0.018118 0.018118 5.839659 11.634731 16.887435
1.129129 0.017485 0.017485 5.772898 11.483410 16.671050
1.144044 0.016858 0.016858 5.707991 11.336139 16.458187
1.158959 0.016333 0.016333 5.644747 11.192740 16.250875
1.173874 0.015706 0.015706 5.583379 11.053097 16.048784
1.188789 0.015160 0.015160 5.523577 10.917021 15.851835
1.203704 0.014668 0.014668 5.465298 10.784419 15.659801
1.218619 0.014154 0.014154 5.408615 10.655120 15.472489
1.233534 0.013690 0.013690 5.353365 10.529068 15.289738
1.248448 0.013240 0.013240 5.299495 10.406053 15.111392
1.263363 0.012797 0.012797 5.247029 10.286033 14.937280
1.278278 0.012560 0.012560 5.195713 10.168727 14.767422
1.293193 0.011996 0.011996 5.145933 10.054545 14.601190
1.308108 0.011611 0.011611 5.097260 9.942861 14.438936
1.323023 0.011287 0.011287 5.049692 9.833787 14.280379
1.337938 0.010909 0.010909 5.003379 9.727192 14.125359
1.352853 0.010573 0.010573 4.958124 9.623023 13.973793
1.367768 0.010277 0.010277 4.913894 9.521211 13.825568
1.382683 0.009959 0.009959 4.870758 9.421639 13.680559
1.397598 0.012819 0.012819 4.830474 9.317519 13.540212
1.412513 0.009402 0.009402 4.787374 9.229029 13.399808
1.427427 0.009129 0.009129 4.747128 9.135827 13.263870
1.442342 0.008935 0.008935 4.707681 9.044632 13.130799
1.457257 0.008641 0.008641 4.669278 8.955358 13.000413
1.472172 0.008405 0.008405 4.631662 8.867951 12.872726
1.487087 0.008209 0.008209 4.594812 8.782377 12.747627
1.502002 0.007976 0.007976 4.558848 8.698535 12.625027
1.516917 0.007758 0.007758 4.523588 8.616469 12.499987
1.531832 0.007593 0.007593 4.489130 8.535957 12.387067
1.546747 0.007397 0.007397 4.455414 8.457090 12.271563
1.561662 0.007327 0.007327 4.422262 8.379753 12.158377
1.576577 0.007061 0.007061 4.390032 8.304029 12.047177
1.591491 0.006892 0.006892 4.358381 8.229720 11.938172
1.606406 0.006776 0.006776 4.327302 8.156873 11.831222
1.621321 0.006599 0.006599 4.296972 8.085387 11.726240
1.636236 0.006470 0.006470 4.267214 8.015308 11.623196
1.651151 0.006342 0.006342 4.238012 7.946482 11.522053
1.666066 0.006199 0.006199 4.209458 7.878953 11.422729
1.680981 0.006334 0.006334 4.181343 7.812302 11.325519
1.695896 0.005973 0.005973 4.153960 7.747644 11.229388
1.710811 0.005854 0.005854 4.127053 7.683765 11.135277
1.725726 0.005802 0.005802 4.100569 7.621065 11.042837
1.740641 0.005658 0.005658 4.074744 7.559463 10.951950
1.755556 0.005556 0.005556 4.049358 7.498958 10.862646
1.770470 0.005494 0.005494 4.024401 7.439543 10.774884
1.785385 0.005388 0.005388 3.999999 7.381133 10.688592
1.800300 0.008359 0.008359 3.980220 7.314195 10.606568
1.815215 0.005242 0.005242 3.952464 7.267369 10.520328
1.830130 0.005157 0.005157 3.929394 7.211926 10.438280
1.845045 0.005167 0.005167 3.906624 7.157427 10.357640
1.859960 0.005499 0.005499 3.884299 7.103194 10.278541
1.874875 0.005008 0.005008 3.862276 7.051591 10.199750
1.889790 0.004937 0.004937 3.840857 6.999765 10.122900
1.904705 0.004944 0.004944 3.819712 6.948813 10.047313
1.919620 0.004837 0.004837 3.799110 6.898686 9.972835
1.934535 0.004784 0.004784 3.778817 6.849373 9.899564
1.949449 0.004763 0.004763 3.758817 6.800867 9.827441
1.964364 0.004695 0.004695 3.739263 6.753109 9.756414
1.979279 0.004461 0.004461 3.710240 6.708937 9.695214
1.994194 0.004629 0.004629 3.701073 6.659895 9.617617
2.009109 0.004579 0.004579 3.682514 6.614364 9.549787
2.024024 0.004642 0.004642 3.664147 6.569513 9.483076
2.038939 0.004524 0.004524 3.646282 6.525450 9.417157
2.053854 0.004486 0.004486 3.628656 6.482001 9.352311
2.068769 0.004498 0.004498 3.611252 6.439249 9.288434
2.083684 0.004442 0.004442 3.594254 6.397108 9.225455
2.098599 0.004465 0.004465 3.577492 6.355887 9.163258
2.113514 0.004415 0.004415 3.560988 6.314759 9.102247
2.128428 0.004379 0.004379 3.544816 6.274480 9.041957
2.143343 0.004531 0.004531 3.528821 6.234557 8.982805
2.158258 0.004358 0.004358 3.513196 6.195737 8.923932
2.173173 0.004333 0.004333 3.497808 6.157208 8.866158
2.188088 0.004371 0.004371 3.482580 6.119265 8.809220
2.203003 0.004318 0.004318 3.467730 6.081849 8.753002
2.217918 0.004299 0.004299 3.453070 6.044974 8.697562
2.232833 0.004321 0.004321 3.438609 6.008638 8.642939
2.247748 0.004294 0.004294 3.424453 5.972786 8.589015
2.262663 0.004765 0.004765 3.411147 5.935652 8.536933
2.277578 0.004298 0.004298 3.396730 5.902629 8.483346
2.292492 0.004283 0.004283 3.383236 5.868261 8.431564
2.307407 0.004349 0.004349 3.369857 5.834368 8.380537
2.322322 0.004290 0.004290 3.356827 5.800978 8.330040
2.337237 0.004288 0.004288 3.343959 5.768021 8.280270
2.352152 0.004316 0.004316 3.331230 5.735521 8.231164
2.367067 0.004293 0.004293 3.318790 5.703435 8.182660
2.381982 0.004033 0.004033 3.291976 5.677256 8.146836
2.396897 0.004316 0.004316 3.294393 5.640588 8.087539
2.411812 0.004307 0.004307 3.282518 5.609768 8.040877
2.426727 0.004412 0.004412 3.270742 5.579267 7.994966
2.441642 0.004330 0.004330 3.259250 5.549383 7.949312
2.456557 0.004328 0.004328 3.247912 5.519762 7.904383
2.471471 0.004377 0.004377 3.236678 5.490555 7.860040
2.486386 0.004354 0.004354 3.225714 5.461702 7.816186
2.501301 0.004416 0.004416 3.214867 5.433522 7.772639
2.516216 0.004391 0.004391 3.204179 5.405127 7.730141
2.531131 0.004385 0.004385 3.193700 5.377357 7.687889
2.546046 0.004566 0.004566 3.183426 5.349509 7.646576
2.560961 0.004421 0.004421 3.173145 5.322905 7.604916
2.575876 0.004423 0.004423 3.163131 5.296169 7.564168
2.590791 0.004486 0.004486 3.153195 5.269777 7.523957
2.605706 0.004459 0.004459 3.143505 5.243727 7.484113
2.620621 0.004462 0.004462 3.133920 5.217988 7.444752
2.635536 0.004508 0.004508 3.124456 5.192569 7.405935
2.650450 0.004503 0.004503 3.115191 5.167439 7.367506
2.665365 0.004974 0.004974 3.107400 5.139895 7.331153
2.680280 0.004547 0.004547 3.096999 5.118125 7.291998
2.695195 0.004552 0.004552 3.088138 5.093892 7.254885
2.710110 0.004634 0.004634 3.079350 5.069909 7.218304
2.725025 0.004596 0.004596 3.070760 5.046326 7.181922
2.739940 0.004623 0.004623 3.062159 5.023085 7.145945
2.754855 0.004630 0.004630 3.053821 4.999977 7.110478
2.769770 0.004701 0.004701 3.045548 4.977128 7.075485
2.784685 0.004675 0.004675 3.037468 4.954607 7.040725
2.799600 0.004699 0.004699 3.029489 4.932329 7.006413
2.814515 0.004733 0.004733 3.021592 4.910277 6.972516
2.829429 0.004732 0.004732 3.013870 4.888483 6.938941
2.844344 0.005594 0.005594 3.011023 4.859330 6.909163
2.859259 0.004784 0.004784 2.998703 4.845664 6.872920
2.874174 0.004793 0.004793 2.991317 4.824599 6.840433
2.889089 0.004882 0.004882 2.984015 4.803677 6.808455
2.904004 0.004842 0.004842 2.976827 4.783214 6.776506
2.918919 0.004854 0.004854 2.969760 4.762853 6.745043
2.933834 0.004908 0.004908 2.962762 4.742731 6.713957
2.948749 0.004904 0.004904 2.955921 4.722830 6.683124
2.963664 0.005179 0.005179 2.948480 4.745187 6.628193
2.978579 0.004961 0.004961 2.942485 4.683684 6.622494
2.993493 0.004970 0.004970 2.935947 4.664416 6.592636
3.008408 0.005092 0.005092 2.929594 4.645021 6.563445
3.023323 0.005023 0.005023 2.923115 4.626535 6.533856
3.038238 0.005040 0.005040 2.916866 4.607883 6.504912
3.053153 0.005095 0.005095 2.910673 4.589424 6.476323
3.068068 0.005088 0.005088 2.904613 4.571205 6.447904
3.082983 0.005090 0.005090 2.898601 4.553191 6.419587
3.097898 0.005148 0.005148 2.892729 4.535296 6.392054
3.112813 0.005156 0.005156 2.886947 4.517615 6.364522
3.127728 0.005362 0.005362 2.881874 4.498836 6.338252
3.142643 0.005212 0.005212 2.875605 4.482827 6.310310
3.157558 0.005226 0.005226 2.870086 4.465687 6.283597
3.172472 0.005294 0.005294 2.864639 4.448667 6.257260
3.187387 0.005280 0.005280 2.859267 4.431966 6.230961
3.202302 0.005309 0.005309 2.853992 4.415383 6.205011
3.217217 0.005344 0.005344 2.848785 4.398915 6.179369
3.232132 0.005350 0.005350 2.843685 4.382646 6.153904
3.247047 0.006074 0.006074 2.845444 4.356428 6.133263
3.261962 0.005407 0.005407 2.833692 4.350597 6.103765
3.276877 0.005421 0.005421 2.828833 4.334800 6.079041
3.291792 0.005503 0.005503 2.824103 4.318979 6.054776
3.306707 0.005476 0.005476 2.819316 4.303700 6.030309
3.321622 0.005492 0.005492 2.814681 4.288370 6.006275
3.336537 0.005544 0.005544 2.810114 4.273177 5.982531
3.351451 0.005547 0.005547 2.805631 4.258172 5.958905
3.366366 0.005826 0.005826 2.799885 4.290380 5.906925
3.381281 0.005607 0.005607 2.796871 4.228554 5.912414
3.396196 0.005620 0.005620 2.792614 4.213954 5.889468
3.411111 0.005727 0.005727 2.788670 4.198970 5.867221
3.426026 0.005676 0.005676 2.784289 4.185185 5.844236
3.440941 0.005697 0.005697 2.780247 4.170993 5.821921
3.455856 0.005747 0.005747 2.776274 4.156892 5.799896
3.470771 0.005748 0.005748 2.772345 4.143031 5.777903
3.485686 0.005749 0.005749 2.768459 4.129295 5.755925
3.500601 0.005808 0.005808 2.764723 4.115574 5.734694
3.515516 0.005821 0.005821 2.761020 4.102044 5.713342
3.530430 0.005993 0.005993 2.758407 4.086825 5.693488
3.545345 0.005877 0.005877 2.753797 4.075350 5.671259
3.560260 0.005894 0.005894 2.750296 4.062177 5.650483
3.575175 0.005954 0.005954 2.746903 4.049002 5.630048
3.590090 0.005949 0.005949 2.743467 4.036205 5.609492
3.605005 0.005981 0.005981 2.740147 4.023420 5.589241
3.619920 0.005995 0.005995 2.736865 4.010730 5.569163
3.634835 0.006049 0.006049 2.733712 3.998054 5.549395
3.649750 0.006049 0.006049 2.730547 3.985669 5.529574
3.664665 0.006095 0.006095 2.727468 3.973381 5.509972
3.679580 0.006110 0.006110 2.724488 3.961023 5.490689
3.694494 0.006123 0.006123 2.721546 3.948883 5.471447
3.709409 0.006332 0.006332 2.720761 3.933433 5.454534
3.724324 0.006179 0.006179 2.715847 3.924885 5.433522
3.739239 0.006197 0.006197 2.713093 3.913038 5.414783
3.754154 0.006256 0.006256 2.710495 3.901094 5.396417
3.769069 0.006251 0.006251 2.707753 3.889651 5.377797
3.783984 0.006267 0.006267 2.705163 3.878110 5.359503
3.798899 0.006312 0.006312 2.702670 3.866611 5.341470
3.813814 0.006324 0.006324 2.700192 3.855289 5.323454
3.828729 0.007214 0.007214 2.714482 3.818040 5.319072
3.843644 0.006380 0.006380 2.695444 3.832843 5.287983
3.858559 0.006398 0.006398 2.693155 3.821764 5.270439
3.873473 0.006468 0.006468 2.691179 3.810308 5.253458
3.888388 0.006452 0.006452 2.688748 3.799864 5.235816
3.903303 0.006476 0.006476 2.686631 3.789048 5.218704
3.918218 0.006515 0.006515 2.684611 3.778233 5.201827
3.933133 0.006525 0.006525 2.682567 3.767657 5.184908
3.948048 0.006476 0.006476 2.680523 3.758682 5.133437
3.962963 0.006581 0.006581 2.678736 3.746582 5.151672
3.977878 0.006598 0.006598 2.676892 3.736190 5.135210
3.992793 0.006691 0.006691 2.675836 3.724642 5.119816
4.007708 0.006652 0.006652 2.673389 3.715606 5.102740
4.022623 0.006672 0.006672 2.671720 3.705430 5.086680
4.037538 0.006718 0.006718 2.670191 3.695180 5.070907
4.052452 0.006725 0.006725 2.668548 3.685304 5.054959
4.067367 0.006772 0.006772 2.667015 3.675443 5.039199
4.082282 0.006782 0.006782 2.665618 3.665429 5.023765
4.097197 0.006798 0.006798 2.664205 3.655650 5.008283
4.112112 0.006963 0.006963 2.665831 3.641328 4.995679
4.127027 0.006852 0.006852 2.661592 3.636218 4.977777
4.141942 0.006871 0.006871 2.660360 3.626613 4.962674
4.156857 0.006922 0.006922 2.659371 3.616761 4.947971
4.171772 0.006924 0.006924 2.658074 3.607584 4.932849
4.186687 0.006940 0.006940 2.656994 3.598182 4.918064
4.201602 0.006982 0.006982 2.656048 3.588739 4.903532
4.216517 0.006997 0.006997 2.655058 3.579508 4.888934
4.231431 0.007617 0.007617 2.674133 3.539418 4.890765
4.246346 0.007051 0.007051 2.653338 3.561068 4.860227
4.261261 0.007070 0.007070 2.652544 3.551960 4.845995
4.276176 0.007128 0.007128 2.652228 3.542220 4.832415
4.291091 0.007122 0.007122 2.651153 3.533870 4.817905
4.306006 0.007148 0.007148 2.650533 3.524919 4.803998
4.320921 0.007181 0.007181 2.650060 3.515873 4.790325
4.335836 0.007195 0.007195 2.649484 3.507137 4.776516
4.350751 0.007142 0.007142 2.648943 3.501002 4.722340
4.365666 0.007249 0.007249 2.648684 3.489524 4.749462
4.380581 0.007267 0.007267 2.648336 3.480841 4.736024
4.395495 0.007342 0.007342 2.649161 3.470451 4.723881
4.410410 0.007320 0.007320 2.647873 3.463525 4.709527
4.425325 0.007340 0.007340 2.647718 3.454948 4.696397
4.440240 0.007380 0.007380 2.647783 3.446163 4.683574
4.455155 0.007392 0.007392 2.647610 3.437890 4.670453
4.470070 0.007439 0.007439 2.647597 3.429537 4.657507
4.484985 0.007437 0.007437 2.647717 3.421015 4.644838
4.499900 0.007475 0.007475 2.648002 3.412431 4.632336
4.514815 0.007489 0.007489 2.648110 3.404247 4.619616
4.529730 0.007576 0.007576 2.648265 3.396199 4.604109
4.544645 0.007543 0.007543 2.648789 3.387557 4.594784
4.559560 0.007562 0.007562 2.649171 3.379336 4.582423
4.574474 0.007641 0.007641 2.651543 3.368237 4.571931
4.589389 0.007613 0.007613 2.650228 3.362845 4.558074
4.604304 0.007634 0.007634 2.650838 3.354662 4.545995
4.619219 0.007673 0.007673 2.651763 3.346135 4.534278
4.634134 0.007685 0.007685 2.652306 3.338316 4.522129
4.649049 0.007697 0.007697 2.653091 3.330237 4.510216
4.663964 0.007739 0.007739 2.654122 3.321952 4.498650
4.678879 0.007757 0.007757 2.655046 3.313931 4.486916
4.693794 0.007921 0.007921 2.665674 3.292548 4.481348
4.708709 0.007808 0.007808 2.657286 3.297694 4.463863
4.723624 0.007829 0.007829 2.658488 3.289636 4.452407
4.738539 0.007871 0.007871 2.660273 3.280844 4.441526
4.753453 0.007880 0.007880 2.661210 3.273441 4.429795
4.768368 0.007909 0.007909 2.662666 3.265394 4.418565
4.783283 0.007934 0.007934 2.664384 3.257085 4.407581
4.798198 0.007951 0.007951 2.665937 3.249143 4.396406
4.813113 0.007660 0.007660 2.602473 3.292488 4.412611
4.828028 0.008003 0.008003 2.669613 3.232818 4.374554
4.842943 0.008023 0.008023 2.671539 3.224713 4.363669
4.857858 0.008072 0.008072 2.674733 3.214915 4.353829
4.872773 0.008074 0.008074 2.675826 3.208276 4.342216
4.887688 0.008094 0.008094 2.678107 3.200044 4.331562
4.902603 0.008128 0.008128 2.680771 3.191419 4.321202
4.917518 0.008145 0.008145 2.683106 3.183377 4.310510
4.932432 0.008229 0.008229 2.685571 3.175309 4.295544
4.947347 0.008196 0.008196 2.688702 3.166401 4.289777
4.962262 0.008217 0.008217 2.691603 3.157964 4.279411
4.977177 0.008280 0.008280 2.698212 3.144616 4.271382
4.992092 0.008267 0.008267 2.698082 3.140582 4.259032
5.007007 0.008289 0.008289 2.701532 3.131806 4.248898
5.021922 0.008323 0.008323 2.705687 3.122229 4.239193
5.036837 0.008338 0.008338 2.709117 3.113776 4.228884
5.051752 0.008350 0.008350 2.713126 3.104679 4.218847
5.066667 0.008389 0.008389 2.717735 3.094970 4.209201
5.081582 0.008409 0.008409 2.722213 3.085571 4.199301
5.096496 0.008534 0.008534 2.748148 3.049987 4.197158
5.111411 0.008459 0.008459 2.732480 3.065581 4.179923
5.126326 0.008481 0.008481 2.738058 3.055268 4.170263
5.141241 0.008517 0.008517 2.745357 3.042982 4.161308
5.156156 0.008530 0.008530 2.750779 3.033261 4.151217
5.171071 0.008559 0.008559 2.757893 3.021634 4.141731
5.185986 0.008582 0.008582 2.766288 3.008681 4.132532
5.200901 0.008601 0.008601 2.774803 2.995842 4.123042
5.215816 0.008350 0.008350 2.658544 3.094989 4.142307
5.230731 0.008651 0.008651 2.797048 2.964988 4.104602
5.245646 0.008673 0.008673 2.811616 2.946252 4.095377
5.260561 0.008713 0.008713 2.842276 2.910814 4.087462
5.275475 0.008721 0.008721 2.874839 2.874839 4.077234
5.290390 0.008743 0.008743 2.872848 2.872848 4.068203
5.305305 0.008774 0.008774 2.870823 2.870823 4.059522
5.320220 0.008792 0.008792 2.868956 2.868956 4.050371
5.335135 0.008873 0.008873 2.867114 2.867114 4.034850
5.350050 0.008842 0.008842 2.865177 2.865177 4.032818
5.364965 0.008868 0.008868 2.863317 2.863317 4.024184
5.379880 0.008888 0.008888 2.861566 2.861566 4.015291
5.394795 0.009098 0.009098 2.812601 2.982709 3.943183
5.409710 0.008937 0.008937 2.858046 2.858046 3.998135
5.424625 0.008959 0.008959 2.856358 2.856358 3.989520
5.439540 0.008999 0.008999 2.854204 2.854204 3.982733
5.454454 0.009007 0.009007 2.853036 2.853036 3.972624
5.469369 0.009033 0.009033 2.851430 2.851430 3.964200
5.484284 0.009059 0.009059 2.849762 2.849762 3.956204
5.499199 0.009078 0.009078 2.848295 2.848295 3.947580
5.514114 0.009075 0.009075 2.846838 2.846838 3.938990
5.529029 0.009127 0.009127 2.845258 2.845258 3.931243
5.543944 0.009148 0.009148 2.843824 2.843824 3.922980
5.558859 0.009203 0.009203 2.841063 2.841063 3.919284
5.573774 0.009197 0.009197 2.840980 2.840980 3.906866
5.588689 0.009219 0.009219 2.839617 2.839617 3.898808
5.603604 0.009249 0.009249 2.838118 2.838118 3.891430
5.618519 0.009267 0.009267 2.836953 2.836953 3.882949
5.633433 0.009301 0.009301 2.835695 2.835695 3.874971
5.648348 0.009317 0.009317 2.834367 2.834367 3.867413
5.663263 0.009338 0.009338 2.833179 2.833179 3.859460
5.678178 0.009468 0.009468 2.825865 2.825865 3.870264
5.693093 0.009386 0.009386 2.830786 2.830786 3.844100
5.708008 0.009408 0.009408 2.829654 2.829654 3.836384
5.722923 0.009440 0.009440 2.828236 2.828236 3.829854
5.737838 0.009456 0.009456 2.827433 2.827433 3.821258
5.752753 0.009476 0.009476 2.826374 2.826374 3.813688
5.767668 0.009506 0.009506 2.825259 2.825259 3.806531
5.782583 0.009527 0.009527 2.824314 2.824314 3.798838
5.797497 0.009717 0.009717 2.866399 2.866399 3.715087
5.812412 0.009575 0.009575 2.822340 2.822340 3.784218
5.827327 0.009597 0.009597 2.821427 2.821427 3.776824
5.842242 0.009632 0.009632 2.819874 2.819874 3.771787
5.857157 0.009645 0.009645 2.819619 2.819619 3.762414
5.872072 0.009671 0.009671 2.818767 2.818767 3.755206
5.886987 0.009694 0.009694 2.817808 2.817808 3.748546
5.901902 0.009715 0.009715 2.817112 2.817112 3.741038
5.916817 0.009712 0.009712 2.816408 2.816408 3.733528
5.931732 0.009763 0.009763 2.815521 2.815521 3.727162
5.946647 0.009785 0.009785 2.814817 2.814817 3.720066
5.961562 0.009829 0.009829 2.812352 2.812352 3.718869
5.976476 0.009832 0.009832 2.813388 2.813388 3.706373
5.991391 0.009855 0.009855 2.812730 2.812730 3.699494
6.006306 0.009882 0.009882 2.811868 2.811868 3.693494
6.021221 0.009902 0.009902 2.811444 2.811444 3.686032
6.036136 0.009936 0.009936 2.810875 2.810875 3.679206
6.051051 0.009950 0.009950 2.810195 2.810195 3.672928
6.065966 0.009972 0.009972 2.809691 2.809691 3.666107
6.080881 0.010069 0.010069 2.801415 2.801415 3.683050
6.095796 0.010019 0.010019 2.808602 2.808602 3.653144
6.110711 0.010042 0.010042 2.808123 2.808123 3.646591
6.125626 0.010071 0.010071 2.807246 2.807246 3.641571
6.140541 0.010089 0.010089 2.807167 2.807167 3.633851
6.155455 0.010109 0.010109 2.806738 2.806738 3.627450
6.170370 0.010137 0.010137 2.806209 2.806209 3.621582
6.185285 0.010159 0.010159 2.805898 2.805898 3.614997
6.200200 0.010329 0.010329 2.853728 2.853728 3.518817
6.215115 0.010206 0.010206 2.805106 2.805106 3.602799
6.230030 0.010228 0.010228 2.804789 2.804789 3.596571
6.244945 0.010252 0.010252 2.804453 2.804453 3.590527
6.259860 0.010342 0.010342 2.791127 2.791127 3.626377
6.274775 0.010299 0.010299 2.803804 2.803804 3.578689
6.289690 0.010321 0.010321 2.803547 2.803547 3.572669
6.304605 0.010350 0.010350 2.802737 2.802737 3.568710
6.319520 0.010368 0.010368 2.803009 2.803009 3.561063
6.334434 0.010395 0.010395 2.802788 2.802788 3.555238
6.349349 0.010416 0.010416 2.802429 2.802429 3.550022
6.364264 0.010438 0.010438 2.802338 2.802338 3.543917
6.379179 0.010393 0.010393 2.810762 2.810762 3.454244
6.394094 0.010485 0.010485 2.801915 2.801915 3.532913
6.409009 0.010507 0.010507 2.801788 2.801788 3.527240
6.423924 0.010538 0.010538 2.800440 2.800440 3.525866
6.438839 0.010554 0.010554 2.801464 2.801464 3.516460
6.453754 0.010576 0.010576 2.801349 2.801349 3.511036
6.468669 0.010602 0.010602 2.801022 2.801022 3.506500
6.483584 0.010623 0.010623 2.801104 2.801104 3.500538
6.498498 0.010665 0.010665 2.801084 2.801084 3.494953
6.513413 0.010670 0.010670 2.800852 2.800852 3.490447
6.528328 0.010692 0.010692 2.800834 2.800834 3.485123
6.543243 0.010733 0.010733 2.797262 2.797262 3.491664
6.558158 0.010738 0.010738 2.800675 2.800675 3.475234
6.573073 0.010761 0.010761 2.800647 2.800647 3.470217
6.587988 0.010787 0.010787 2.800259 2.800259 3.466636
6.602903 0.010807 0.010807 2.800552 2.800552 3.460617
6.617818 0.010825 0.010825 2.800555 2.800555 3.455709
6.632733 0.010854 0.010854 2.800411 2.800411 3.451537
6.647648 0.010876 0.010876 2.800488 2.800488 3.446552
6.662563 0.010940 0.010940 2.786574 2.786574 3.490437
6.677477 0.010923 0.010923 2.800441 2.800441 3.437624
6.692392 0.010945 0.010945 2.800479 2.800479 3.433032
6.707307 0.010972 0.010972 2.799867 2.799867 3.430968
6.722222 0.010991 0.010991 2.800484 2.800484 3.424393
6.737137 0.011018 0.011018 2.800525 2.800525 3.420044
6.752052 0.011038 0.011038 2.800394 2.800394 3.416448
6.766967 0.011060 0.011060 2.800558 2.800558 3.411761
6.781882 0.011021 0.011021 2.807573 2.807573 3.317459
6.796797 0.011106 0.011106 2.800575 2.800575 3.403866
6.811712 0.011129 0.011129 2.800662 2.800662 3.399708
6.826627 0.011157 0.011157 2.799404 2.799404 3.400695
6.841542 0.011175 0.011175 2.800724 2.800724 3.392090
6.856456 0.011197 0.011197 2.800791 2.800791 3.388236
6.871371 0.011222 0.011222 2.800618 2.800618 3.385453
6.886286 0.011243 0.011243 2.800878 2.800878 3.380960
6.901201 0.011284 0.011284 2.801011 2.801011 3.376917
6.916116 0.011289 0.011289 2.800919 2.800919 3.374172
6.931031 0.011312 0.011312 2.801041 2.801041 3.370443
6.945946 0.011347 0.011347 2.797461 2.797461 3.380553
6.960861 0.011358 0.011358 2.801126 2.801126 3.363894
6.975776 0.011380 0.011380 2.801212 2.801212 3.360529
6.990691 0.011405 0.011405 2.800922 2.800922 3.358854
7.005606 0.011426 0.011426 2.801316 2.801316 3.354318
7.020521 0.011443 0.011443 2.801409 2.801409 3.351078
7.035435 0.011472 0.011472 2.801346 2.801346 3.348712
7.050350 0.011494 0.011494 2.801499 2.801499 3.345383
7.065265 0.011541 0.011541 2.788799 2.788799 3.396080
7.080180 0.011540 0.011540 2.801583 2.801583 3.339945
7.095095 0.011562 0.011562 2.801678 2.801678 3.337070
7.110010 0.011587 0.011587 2.801140 2.801140 3.337114
7.124925 0.011625 0.011625 2.796228 2.796228 3.353853
7.139840 0.011631 0.011631 2.801821 2.801821 3.329531
7.154755 0.011653 0.011653 2.801908 2.801908 3.326952
7.169670 0.011677 0.011677 2.801569 2.801569 3.326476
7.184585 0.011699 0.011699 2.802006 2.802006 3.322375
7.199499 0.011726 0.011726 2.802092 2.802092 3.319988
7.214414 0.011744 0.011744 2.802021 2.802021 3.318479
7.229329 0.011766 0.011766 2.802173 2.802173 3.315883
7.244244 0.011687 0.011687 2.811696 2.811696 3.334772
7.259159 0.011812 0.011812 2.802241 2.802241 3.312116
7.274074 0.011834 0.011834 2.802329 2.802329 3.310033
7.288989 0.011859 0.011859 2.801689 2.801689 3.311741
7.303904 0.011880 0.011880 2.802411 2.802411 3.306584
7.318819 0.011901 0.011901 2.802476 2.802476 3.304811
7.333734 0.011925 0.011925 2.802376 2.802376 3.304053
7.348649 0.011947 0.011947 2.802558 2.802558 3.301750
7.363564 0.012007 0.012007 2.800543 2.800543 3.266071
7.378478 0.011993 0.011993 2.802602 2.802602 3.299182
7.393393 0.012015 0.012015 2.802691 2.802691 3.297580
7.408308 0.012042 0.012042 2.801271 2.801271 3.304231
7.423223 0.012060 0.012060 2.802754 2.802754 3.295297
7.438138 0.012082 0.012082 2.802814 2.802814 3.294068
7.453053 0.012106 0.012106 2.802647 2.802647 3.294359
7.467968 0.012127 0.012127 2.802880 2.802880 3.292163
7.482883 0.012140 0.012140 2.802957 2.802957 3.290836
7.497798 0.012173 0.012173 2.802898 2.802898 3.290876
7.512713 0.012195 0.012195 2.802992 2.802992 3.289732
7.527628 0.012229 0.012229 2.798447 2.798447 3.314595
7.542543 0.012240 0.012240 2.803037 2.803037 3.288679
7.557457 0.012262 0.012262 2.803094 2.803094 3.287999
7.572372 0.012286 0.012286 2.802817 2.802817 3.289837
7.587287 0.012307 0.012307 2.803147 2.803147 3.287328
7.602202 0.012334 0.012334 2.803202 2.803202 3.286859
7.617117 0.012352 0.012352 2.803136 2.803136 3.287477
7.632032 0.012374 0.012374 2.803242 2.803242 3.286749
7.646947 0.012316 0.012316 2.815772 2.815772 3.315266
7.661862 0.012419 0.012419 2.803271 2.803271 3.287047
7.676777 0.012441 0.012441 2.803328 2.803328 3.286942
7.691692 0.012465 0.012465 2.802834 2.802834 3.291576
7.706607 0.012486 0.012486 2.803369 2.803369 3.287638
7.721522 0.012507 0.012507 2.803409 2.803409 3.287922
7.736436 0.012531 0.012531 2.803326 2.803326 3.289522
7.751351 0.012553 0.012553 2.803452 2.803452 3.289127
7.766266 0.012609 0.012609 2.800273 2.800273 3.237463
7.781181 0.012597 0.012597 2.803469 2.803469 3.291004
7.796096 0.012619 0.012619 2.803528 2.803528 3.291526
7.811011 0.012645 0.012645 2.802473 2.802473 3.303081
7.825926 0.012664 0.012664 2.803561 2.803561 3.293843
7.840841 0.012686 0.012686 2.803598 2.803598 3.294896
7.855756 0.012709 0.012709 2.803476 2.803476 3.298097
7.870671 0.012731 0.012731 2.803637 2.803637 3.297826
7.885586 0.012744 0.012744 2.803681 2.803681 3.298725
7.900501 0.012775 0.012775 2.803642 2.803642 3.301745
7.915415 0.012797 0.012797 2.803706 2.803706 3.303003
7.930330 0.012828 0.012828 2.800375 2.800375 3.344166
7.945245 0.012841 0.012841 2.803733 2.803733 3.307471
7.960160 0.012863 0.012863 2.803771 2.803771 3.309524
7.975075 0.012886 0.012886 2.803581 2.803581 3.315666
7.989990 0.012911 0.012911 2.802507 2.802507 3.334480
8.004905 0.012930 0.012930 2.803820 2.803820 3.317926
8.019820 0.012952 0.012952 2.803855 2.803855 3.320766
8.034735 0.012975 0.012975 2.803736 2.803736 3.327180
8.049650 0.012996 0.012996 2.803890 2.803890 3.327890
8.064565 0.013026 0.013026 2.803929 2.803929 3.331004
8.079479 0.013040 0.013040 2.803896 2.803896 3.337031
8.094394 0.013062 0.013062 2.803954 2.803954 3.340568
8.109309 0.013095 0.013095 2.799389 2.799389 3.457754
8.124224 0.013106 0.013106 2.803981 2.803981 3.351647
8.139139 0.013128 0.013128 2.804016 2.804016 3.357239
8.154054 0.013151 0.013151 2.803828 2.803828 3.372963
8.168969 0.013172 0.013172 2.804050 2.804050 3.372387
8.183884 0.013192 0.013192 2.804079 2.804079 3.381044
8.198799 0.013217 0.013217 2.804048 2.804048 3.396807
8.213714 0.013238 0.013238 2.804114 2.804114 3.488811
8.228629 0.013327 0.013327 2.821684 2.821684 3.283493
8.243544 0.013282 0.013282 2.804139 2.804139 3.445293
8.258458 0.013304 0.013304 2.804177 2.804177 3.443729
8.273373 0.013327 0.013327 2.803835 2.803835 3.440580
8.288288 0.013348 0.013348 2.804210 2.804210 3.440447
8.303203 0.013373 0.013373 2.804238 2.804238 3.438934
8.318118 0.013392 0.013392 2.804196 2.804196 3.436979
8.333033 0.013414 0.013414 2.804275 2.804275 3.435871
8.347948 0.013418 0.013418 2.804635 2.804635 3.396885
8.362863 0.013457 0.013457 2.804298 2.804298 3.432821
8.377778 0.013479 0.013479 2.804338 2.804338 3.431575
8.392693 0.013504 0.013504 2.803518 2.803518 3.426831
8.407608 0.013523 0.013523 2.804371 2.804371 3.428794
8.422523 0.013545 0.013545 2.804400 2.804400 3.427562
8.437437 0.013567 0.013567 2.804338 2.804338 3.425575
8.452352 0.013588 0.013588 2.804437 2.804437 3.425003
8.467267 0.013617 0.013617 2.804465 2.804465 3.424048
8.482182 0.013632 0.013632 2.804459 2.804459 3.422382
8.497097 0.013654 0.013654 2.804501 2.804501 3.421472
8.512012 0.013683 0.013683 2.801621 2.801621 3.410981
8.526927 0.013697 0.013697 2.804534 2.804534 3.419157
8.541842 0.013719 0.013719 2.804564 2.804564 3.418206
8.556757 0.013741 0.013741 2.804465 2.804465 3.415906
8.571672 0.013762 0.013762 2.804602 2.804602 3.416119
8.586587 0.013782 0.013782 2.804627 2.804627 3.415228
8.601502 0.013806 0.013806 2.804620 2.804620 3.413851
8.616416 0.013827 0.013827 2.804666 2.804666 3.413314
8.631331 0.013904 0.013904 2.816004 2.816004 3.375505
8.646246 0.013871 0.013871 2.804700 2.804700 3.411421
8.661161 0.013892 0.013892 2.804730 2.804730 3.410752
8.676076 0.013915 0.013915 2.804543 2.804543 3.407495
8.690991 0.013935 0.013935 2.804768 2.804768 3.409100
8.705906 0.013959 0.013959 2.804794 2.804794 3.408434
8.720821 0.013979 0.013979 2.804781 2.804781 3.407061
8.735736 0.014000 0.014000 2.804833 2.804833 3.406974
8.750651 0.014006 0.014006 2.805574 2.805574 3.479056
8.765566 0.014043 0.014043 2.804866 2.804866 3.405442
8.780480 0.014065 0.014065 2.804898 2.804898 3.405063
8.795395 0.014088 0.014088 2.804418 2.804418 3.399066
8.810310 0.014108 0.014108 2.804936 2.804936 3.403797
8.825225 0.014129 0.014129 2.804961 2.804961 3.403366
8.840140 0.014151 0.014151 2.804940 2.804940 3.401780
8.855055 0.014172 0.014172 2.805001 2.805001 3.402293
8.869970 0.014194 0.014194 2.805021 2.805021 3.401772
8.884885 0.014215 0.014215 2.805046 2.805046 3.401423
8.899800 0.014237 0.014237 2.805039 2.805039 3.400134
8.914715 0.014258 0.014258 2.805086 2.805086 3.400536
8.929630 0.014291 0.014291 2.805103 2.805103 3.409783
8.944545 0.014301 0.014301 2.805121 2.805121 3.399505
8.959459 0.014322 0.014322 2.805151 2.805151 3.399466
8.974374 0.014346 0.014346 2.804547 2.804547 3.390844
8.989289 0.014365 0.014365 2.805190 2.805190 3.398707
9.004204 0.014387 0.014387 2.805215 2.805215 3.398562
9.019119 0.014408 0.014408 2.805199 2.805199 3.396884
9.034034 0.014429 0.014429 2.805255 2.805255 3.397977
9.048949 0.014447 0.014447 2.805275 2.805275 3.398020
9.063864 0.014472 0.014472 2.805290 2.805290 3.397117
9.078779 0.014493 0.014493 2.805320 2.805320 3.397366
9.093694 0.014515 0.014515 2.805027 2.805027 3.370853
9.108609 0.014536 0.014536 2.805359 2.805359 3.396838
9.123524 0.014557 0.014557 2.805384 2.805384 3.396881
9.138438 0.014579 0.014579 2.805348 2.805348 3.394300
9.153353 0.014600 0.014600 2.805424 2.805424 3.396529
9.168268 0.014623 0.014623 2.805450 2.805450 3.396532
9.183183 0.014642 0.014642 2.805458 2.805458 3.395705
9.198098 0.014663 0.014663 2.805489 2.805489 3.396282
9.213013 0.014653 0.014653 2.792983 2.792983 3.473568
9.227928 0.014706 0.014706 2.805528 2.805528 3.395901
9.242843 0.014727 0.014727 2.805553 2.805553 3.396116
9.257758 0.014749 0.014749 2.805459 2.805459 3.391456
9.272673 0.014769 0.014769 2.805593 2.805593 3.395925
9.287588 0.014790 0.014790 2.805616 2.805616 3.396028
9.302503 0.014812 0.014812 2.805624 2.805624 3.394953
9.317417 0.014833 0.014833 2.805657 2.805657 3.395945
9.332332 0.014864 0.014864 2.805633 2.805633 3.403645
9.347247 0.014875 0.014875 2.805696 2.805696 3.395620
9.362162 0.014896 0.014896 2.805721 2.805721 3.395999
9.377077 0.014919 0.014919 2.805379 2.805379 3.385842
9.391992 0.014938 0.014938 2.805761 2.805761 3.395898
9.406907 0.014959 0.014959 2.805784 2.805784 3.396094
9.421822 0.014980 0.014980 2.805788 2.805788 3.394511
9.436737 0.015001 0.015001 2.805825 2.805825 3.396097
9.451652 0.015019 0.015019 2.805843 2.805843 3.396446
9.466567 0.015043 0.015043 2.805864 2.805864 3.395738
9.481481 0.015064 0.015064 2.805889 2.805889 3.396286
9.496396 0.015085 0.015085 2.806195 2.806195 3.366677
9.511311 0.015106 0.015106 2.805929 2.805929 3.396213
9.526226 0.015127 0.015127 2.805952 2.805952 3.396482
9.541141 0.015148 0.015148 2.805945 2.805945 3.393948
9.556056 0.015169 0.015169 2.805992 2.805992 3.396521
9.570971 0.015192 0.015192 2.806016 2.806016 3.396707
9.585886 0.015211 0.015211 2.806030 2.806030 3.396037
9.600801 0.015232 0.015232 2.806056 2.806056 3.396779
9.615716 0.015226 0.015226 2.794562 2.794562 3.489599
9.630631 0.015274 0.015274 2.806096 2.806096 3.396687
9.645546 0.015294 0.015294 2.806118 2.806118 3.397020
9.660460 0.015316 0.015316 2.806078 2.806078 3.392535
9.675375 0.015336 0.015336 2.806159 2.806159 3.397059
9.690290 0.015357 0.015357 2.806181 2.806181 3.397251
9.705205 0.015378 0.015378 2.806196 2.806196 3.396345
9.720120 0.015399 0.015399 2.806222 2.806222 3.397344
9.735035 0.015428 0.015428 2.806109 2.806109 3.395078
9.749950 0.015439 0.015439 2.806264 2.806264 3.397550
9.764865 0.015461 0.015461 2.806280 2.806280 3.396882
9.779780 0.015482 0.015482 2.806305 2.806305 3.397643
9.794695 0.015521 0.015521 2.807607 2.807607 3.488357
9.809610 0.015523 0.015523 2.806345 2.806345 3.397557
9.824525 0.015544 0.015544 2.806367 2.806367 3.397881
9.839439 0.015565 0.015565 2.806313 2.806313 3.392707
9.854354 0.015585 0.015585 2.806407 2.806407 3.397919
9.869269 0.015606 0.015606 2.806429 2.806429 3.398099
9.884184 0.015627 0.015627 2.806444 2.806444 3.397191
9.899099 0.015647 0.015647 2.806469 2.806469 3.398184
9.914014 0.015662 0.015662 2.806478 2.806478 3.395970
9.928929 0.015689 0.015689 2.806509 2.806509 3.398039
9.943844 0.015709 0.015709 2.806531 2.806531 3.398406
9.958759 0.015731 0.015731 2.806259 2.806259 3.386680
9.973674 0.015750 0.015750 2.806571 2.806571 3.398419
9.988589 0.015771 0.015771 2.806593 2.806593 3.398605
10.003504 0.015792 0.015792 2.806605 2.806605 3.397321
10.018418 0.015812 0.015812 2.806633 2.806633 3.398672
10.033333 0.015835 0.015835 2.806654 2.806654 3.398877
10.048248 0.015853 0.015853 2.806672 2.806672 3.398457
10.063163 0.015874 0.015874 2.806694 2.806694 3.398875
10.078078 0.015876 0.015876 2.813396 2.813396 3.367416
10.092993 0.015915 0.015915 2.806734 2.806734 3.398860
10.107908 0.015935 0.015935 2.806756 2.806756 3.399051
10.122823 0.015956 0.015956 2.806759 2.806759 3.397114
10.137738 0.015976 0.015976 2.806795 2.806795 3.399099
10.152653 0.015996 0.015996 2.806816 2.806816 3.399212
10.167568 0.016017 0.016017 2.806834 2.806834 3.398799
10.182482 0.016037 0.016037 2.806856 2.806856 3.399278
10.197397 0.016074 0.016074 2.809566 2.809566 3.447651
10.212312 0.016078 0.016078 2.806896 2.806896 3.399236
10.227227 0.016098 0.016098 2.806917 2.806917 3.399428
10.242142 0.016119 0.016119 2.806887 2.806887 3.396098
10.257057 0.016139 0.016139 2.806956 2.806956 3.399456
10.271972 0.016160 0.016160 2.806977 2.806977 3.399557
10.286887 0.016180 0.016180 2.806993 2.806993 3.399045
10.301802 0.016200 0.016200 2.807017 2.807017 3.399607
10.316717 0.016215 0.016215 2.807030 2.807030 3.395273
10.331632 0.016241 0.016241 2.807055 2.807055 3.399533
10.346547 0.016261 0.016261 2.807077 2.807077 3.399722
10.361461 0.016283 0.016283 2.806904 2.806904 3.392297
10.376376 0.016302 0.016302 2.807116 2.807116 3.399728
10.391291 0.016322 0.016322 2.807137 2.807137 3.399814
10.406206 0.016342 0.016342 2.807149 2.807149 3.399155
10.421121 0.016362 0.016362 2.807176 2.807176 3.399839
10.436036 0.016385 0.016385 2.807196 2.807196 3.399935
10.450951 0.016403 0.016403 2.807213 2.807213 3.399731
10.465866 0.016423 0.016423 2.807235 2.807235 3.399911
10.480781 0.016428 0.016428 2.812411 2.812411 3.384356
10.495696 0.016463 0.016463 2.807273 2.807273 3.399889
10.510611 0.016483 0.016483 2.807294 2.807294 3.399954
10.525526 0.016504 0.016504 2.807299 2.807299 3.399045
10.540440 0.016524 0.016524 2.807332 2.807332 3.399948
10.555355 0.016543 0.016543 2.807353 2.807353 3.399973
10.570270 0.016564 0.016564 2.807369 2.807369 3.399800
10.585185 0.016584 0.016584 2.807391 2.807391 3.399962
10.600100 0.016618 0.016618 2.811046 2.811046 3.418372
10.615015 0.016624 0.016624 2.807429 2.807429 3.399907
10.629930 0.016644 0.016644 2.807447 2.807447 3.399841
10.644845 0.016664 0.016664 2.807468 2.807468 3.399927
10.659760 0.016705 0.016705 2.805456 2.805456 3.421911
10.674675 0.016704 0.016704 2.807506 2.807506 3.399865
10.689590 0.016724 0.016724 2.807526 2.807526 3.399870
10.704505 0.016744 0.016744 2.807527 2.807527 3.399171
10.719419 0.016764 0.016764 2.807564 2.807564 3.399808
10.734334 0.016785 0.016785 2.807584 2.807584 3.399784
10.749249 0.016804 0.016804 2.807599 2.807599 3.399663
10.764164 0.016824 0.016824 2.807621 2.807621 3.399706
10.779079 0.016835 0.016835 2.808591 2.808591 3.365430
10.793994 0.016863 0.016863 2.807658 2.807658 3.399604
10.808909 0.016883 0.016883 2.807678 2.807678 3.399569
10.823824 0.016904 0.016904 2.807641 2.807641 3.398363
10.838739 0.016923 0.016923 2.807715 2.807715 3.399458
10.853654 0.016943 0.016943 2.807734 2.807734 3.399399
10.868569 0.016963 0.016963 2.807748 2.807748 3.399281
10.883483 0.016983 0.016983 2.807771 2.807771 3.399268
10.898398 0.017006 0.017006 2.807794 2.807794 3.399820
10.913313 0.017022 0.017022 2.807807 2.807807 3.399124
10.928228 0.017042 0.017042 2.807827 2.807827 3.399042
10.943143 0.017062 0.017062 2.807753 2.807753 3.395947
10.958058 0.017081 0.017081 2.807863 2.807863 3.398879
10.972973 0.017101 0.017101 2.807882 2.807882 3.398781
10.987888 0.017121 0.017121 2.807892 2.807892 3.398680
11.002803 0.017141 0.017141 2.807918 2.807918 3.398594
11.017718 0.017159 0.017159 2.807935 2.807935 3.398491
11.032633 0.017180 0.017180 2.807953 2.807953 3.398412
11.047548 0.017200 0.017200 2.807973 2.807973 3.398274
11.062462 0.017236 0.017236 2.805583 2.805583 3.424630
11.077377 0.017239 0.017239 2.808008 2.808008 3.398061
11.092292 0.017258 0.017258 2.808027 2.808027 3.397921
11.107207 0.017278 0.017278 2.808028 2.808028 3.397853
11.122122 0.017298 0.017298 2.808062 2.808062 3.397679
11.137037 0.017319 0.017319 2.808080 2.808080 3.397536
11.151952 0.017337 0.017337 2.808095 2.808095 3.397469
11.166867 0.017356 0.017356 2.808115 2.808115 3.397267
11.181782 0.017368 0.017368 2.808566 2.808566 3.357576
11.196697 0.017396 0.017396 2.808149 2.808149 3.397008
11.211612 0.017415 0.017415 2.808168 2.808168 3.396826
11.226527 0.017435 0.017435 2.808138 2.808138 3.396757
11.241441 0.017454 0.017454 2.808202 2.808202 3.396533
11.256356 0.017474 0.017474 2.808220 2.808220 3.396356
11.271271 0.017493 0.017493 2.808233 2.808233 3.396315
11.286186 0.017512 0.017512 2.808254 2.808254 3.396036
11.301101 0.017535 0.017535 2.808278 2.808278 3.397397
11.316016 0.017551 0.017551 2.808287 2.808287 3.395741
11.330931 0.017571 0.017571 2.808306 2.808306 3.395516
11.345846 0.017591 0.017591 2.808259 2.808259 3.395214
11.360761 0.017609 0.017609 2.808339 2.808339 3.395180
11.375676 0.017629 0.017629 2.808357 2.808357 3.394973
11.390591 0.017648 0.017648 2.808365 2.808365 3.394985
11.405506 0.017668 0.017668 2.808390 2.808390 3.394610
11.420420 0.017686 0.017686 2.808406 2.808406 3.394408
11.435335 0.017706 0.017706 2.808421 2.808421 3.394291
11.450250 0.017726 0.017726 2.808440 2.808440 3.394024
11.465165 0.017759 0.017759 2.805999 2.805999 3.416701
11.480080 0.017764 0.017764 2.808472 2.808472 3.393655
11.494995 0.017783 0.017783 2.808487 2.808487 3.393484
11.509910 0.017803 0.017803 2.808505 2.808505 3.393221
11.524825 0.017822 0.017822 2.808761 2.808761 3.394170
11.539740 0.017841 0.017841 2.808537 2.808537 3.392833
11.554655 0.017860 0.017860 2.808554 2.808554 3.392597
11.569570 0.017880 0.017880 2.808561 2.808561 3.392637
11.584484 0.017899 0.017899 2.808586 2.808586 3.392187
11.599399 0.017919 0.017919 2.808602 2.808602 3.391960
11.614314 0.017937 0.017937 2.808615 2.808615 3.391834
11.629229 0.017956 0.017956 2.808633 2.808633 3.391538
11.644144 0.017963 0.017963 2.805565 2.805565 3.411119
11.659059 0.017994 0.017994 2.808664 2.808664 3.391134
11.673974 0.018013 0.018013 2.808681 2.808681 3.390883
11.688889 0.018033 0.018033 2.808677 2.808677 3.391051
11.703804 0.018052 0.018052 2.808711 2.808711 3.390459
11.718719 0.018071 0.018071 2.808727 2.808727 3.390224
11.733634 0.018090 0.018090 2.808739 2.808739 3.390120
11.748549 0.018109 0.018109 2.808758 2.808758 3.389790
11.763463 0.018133 0.018133 2.808109 2.808109 3.379984
11.778378 0.018147 0.018147 2.808787 2.808787 3.389387
11.793293 0.018166 0.018166 2.808803 2.808803 3.389125
11.808208 0.018185 0.018185 2.808765 2.808765 3.389506
11.823123 0.018204 0.018204 2.808833 2.808833 3.388701
11.838038 0.018223 0.018223 2.808849 2.808849 3.388463
11.852953 0.018242 0.018242 2.808859 2.808859 3.388402
11.867868 0.018260 0.018260 2.808878 2.808878 3.388034
11.882783 0.018278 0.018278 2.808891 2.808891 3.387726
11.897698 0.018298 0.018298 2.808907 2.808907 3.387645
11.912613 0.018317 0.018317 2.808923 2.808923 3.387378
11.927528 0.018336 0.018336 2.809110 2.809110 3.388975
11.942442 0.018355 0.018355 2.808951 2.808951 3.386969
11.957357 0.018374 0.018374 2.808967 2.808967 3.386735
11.972272 0.018393 0.018393 2.808973 2.808973 3.386747
11.987187 0.018411 0.018411 2.808995 2.808995 3.386323
12.002102 0.018431 0.018431 2.809010 2.809010 3.386105
12.017017 0.018449 0.018449 2.809022 2.809022 3.385967
12.031932 0.018468 0.018468 2.809039 2.809039 3.385699
12.046847 0.018476 0.018476 2.807074 2.807074 3.395996
12.061762 0.018505 0.018505 2.809067 2.809067 3.385318
12.076677 0.018524 0.018524 2.809081 2.809081 3.385095
12.091592 0.018543 0.018543 2.809079 2.809079 3.385230
12.106507 0.018561 0.018561 2.809109 2.809109 3.384715
12.121421 0.018580 0.018580 2.809124 2.809124 3.384513
12.136336 0.018599 0.018599 2.809135 2.809135 3.384409
12.151251 0.018617 0.018617 2.809152 2.809152 3.384142
12.166166 0.018640 0.018640 2.808578 2.808578 3.383754
12.181081 0.018655 0.018655 2.809179 2.809179 3.383804
12.195996 0.018673 0.018673 2.809194 2.809194 3.383598
12.210911 0.018692 0.018692 2.809165 2.809165 3.383947
12.225826 0.018710 0.018710 2.809221 2.809221 3.383262
12.240741 0.018729 0.018729 2.809235 2.809235 3.383083
12.255656 0.018747 0.018747 2.809245 2.809245 3.383029
12.270571 0.018766 0.018766 2.809263 2.809263 3.382761
12.285485 0.018783 0.018783 2.809273 2.809273 3.382229
12.300400 0.018803 0.018803 2.809289 2.809289 3.382480
12.315315 0.018821 0.018821 2.809304 2.809304 3.382297
12.330230 0.018840 0.018840 2.809440 2.809440 3.383762
12.345145 0.018858 0.018858 2.809331 2.809331 3.382020
12.360060 0.018877 0.018877 2.809345 2.809345 3.381869
12.374975 0.018895 0.018895 2.809358 2.809358 3.381736
12.389890 0.018914 0.018914 2.809322 2.809322 3.382180
12.404805 0.018932 0.018932 2.809385 2.809385 3.381489
12.419720 0.018951 0.018951 2.809399 2.809399 3.381359
12.434635 0.018969 0.018969 2.809408 2.809408 3.381346
12.449550 0.018987 0.018987 2.809426 2.809426 3.381135
12.464464 0.019007 0.019007 2.809441 2.809441 3.380941
12.479379 0.019024 0.019024 2.809452 2.809452 3.380953
12.494294 0.019042 0.019042 2.809467 2.809467 3.380827
12.509209 0.019056 0.019056 2.810797 2.810797 3.384962
12.524124 0.019079 0.019079 2.809494 2.809494 3.380659
12.539039 0.019097 0.019097 2.809508 2.809508 3.380567
12.553954 0.019116 0.019116 2.809514 2.809514 3.380635
12.568869 0.019134 0.019134 2.809535 2.809535 3.380425
12.583784 0.019152 0.019152 2.809549 2.809549 3.380356
12.598699 0.019170 0.019170 2.809561 2.809561 3.380333
12.613614 0.019188 0.019188 2.809576 2.809576 3.380245
12.628529 0.019213 0.019213 2.812472 2.812472 3.359250
12.643443 0.019225 0.019225 2.809603 2.809603 3.380167
12.658358 0.019243 0.019243 2.809617 2.809617 3.380121
12.673273 0.019261 0.019261 2.809614 2.809614 3.380307
12.688188 0.019279 0.019279 2.809644 2.809644 3.380073
12.703103 0.019297 0.019297 2.809658 2.809658 3.380053
12.718018 0.019316 0.019316 2.809670 2.809670 3.380087
12.732933 0.019334 0.019334 2.809686 2.809686 3.380042
12.747848 0.019349 0.019349 2.809972 2.809972 3.391277
12.762763 0.019370 0.019370 2.809713 2.809713 3.380067
12.777678 0.019388 0.019388 2.809728 2.809728 3.380073
12.792593 0.019406 0.019406 2.809703 2.809703 3.380472
12.807508 0.019424 0.019424 2.809755 2.809755 3.380133
12.822422 0.019442 0.019442 2.809770 2.809770 3.380168
12.837337 0.019460 0.019460 2.809780 2.809780 3.380269
12.852252 0.019478 0.019478 2.809798 2.809798 3.380270
12.867167 0.019497 0.019497 2.809814 2.809814 3.380238
12.882082 0.019514 0.019514 2.809826 2.809826 3.380413
12.896997 0.019532 0.019532 2.809841 2.809841 3.380476
12.911912 0.019546 0.019546 2.810871 2.810871 3.383708
12.926827 0.019568 0.019568 2.809870 2.809870 3.380658
12.941742 0.019585 0.019585 2.809885 2.809885 3.380756
12.956657 0.019603 0.019603 2.809893 2.809893 3.380940
12.971572 0.019621 0.019621 2.809914 2.809914 3.380984
12.986486 0.019639 0.019639 2.809929 2.809929 3.381110
13.001401 0.019657 0.019657 2.809943 2.809943 3.381260
13.016316 0.019675 0.019675 2.809959 2.809959 3.381389
13.031231 0.019698 0.019698 2.812318 2.812318 3.361884
13.046146 0.019710 0.019710 2.809989 2.809989 3.381707
13.061061 0.019728 0.019728 2.810004 2.810004 3.381875
13.075976 0.019746 0.019746 2.810007 2.810007 3.382166
13.090891 0.019763 0.019763 2.810035 2.810035 3.382246
13.105806 0.019781 0.019781 2.810051 2.810051 3.382445
13.120721 0.019799 0.019799 2.810065 2.810065 3.382671
13.135636 0.019817 0.019817 2.810082 2.810082 3.382873
13.150551 0.019832 0.019832 2.810390 2.810390 3.393440
13.165465 0.019852 0.019852 2.810113 2.810113 3.383344
13.180380 0.019870 0.019870 2.810130 2.810130 3.383590
13.195295 0.019887 0.019887 2.810118 2.810118 3.384054
13.210210 0.019905 0.019905 2.810162 2.810162 3.384121
13.225125 0.019923 0.019923 2.810179 2.810179 3.384402
13.240040 0.019940 0.019940 2.810193 2.810193 3.384714
13.254955 0.019958 0.019958 2.810196 2.810196 3.385093
13.269870 0.019975 0.019975 2.810229 2.810229 3.385311
13.284785 0.019993 0.019993 2.810246 2.810246 3.385637
13.299700 0.020010 0.020010 2.810262 2.810262 3.385985
13.314615 0.020028 0.020028 2.810281 2.810281 3.386324
13.329530 0.020047 0.020047 2.810232 2.810232 3.384472
13.344444 0.020063 0.020063 2.810315 2.810315 3.387059
13.359359 0.020080 0.020080 2.810333 2.810333 3.387444
13.374274 0.020098 0.020098 2.810339 2.810339 3.388107
13.389189 0.020115 0.020115 2.810369 2.810369 3.388252
13.404104 0.020133 0.020133 2.810388 2.810388 3.388676
13.419019 0.020150 0.020150 2.810403 2.810403 3.389124
13.433934 0.020168 0.020168 2.810424 2.810424 3.389563
13.448849 0.020184 0.020184 2.810443 2.810443 3.390079
13.463764 0.020202 0.020202 2.810461 2.810461 3.390504
13.478679 0.020220 0.020220 2.810481 2.810481 3.390996
13.493594 0.020242 0.020242 2.809232 2.809232 3.395863
13.508509 0.020254 0.020254 2.810519 2.810519 3.392022
13.523423 0.020272 0.020272 2.810539 2.810539 3.392558
13.538338 0.020289 0.020289 2.810554 2.810554 3.393122
13.553253 0.020306 0.020306 2.810579 2.810579 3.393673
13.568168 0.020324 0.020324 2.810599 2.810599 3.394256
13.583083 0.020341 0.020341 2.810618 2.810618 3.394850
13.597998 0.020358 0.020358 2.810640 2.810640 3.395466
13.612913 0.020372 0.020372 2.809400 2.809400 3.388202
13.627828 0.020392 0.020392 2.810681 2.810681 3.396741
13.642743 0.020410 0.020410 2.810703 2.810703 3.397407
13.657658 0.020427 0.020427 2.810712 2.810712 3.398107
13.672573 0.020444 0.020444 2.810746 2.810746 3.398787
13.687487 0.020461 0.020461 2.810768 2.810768 3.399506
13.702402 0.020478 0.020478 2.810788 2.810788 3.400237
13.717317 0.020495 0.020495 2.810812 2.810812 3.400997
13.732232 0.020514 0.020514 2.810743 2.810743 3.397178
13.747147 0.020530 0.020530 2.810857 2.810857 3.402564
13.762062 0.020547 0.020547 2.810880 2.810880 3.403383
13.776977 0.020564 0.020564 2.810895 2.810895 3.404335
13.791892 0.020581 0.020581 2.810926 2.810926 3.405074
13.806807 0.020598 0.020598 2.810950 2.810950 3.405956
13.821722 0.020615 0.020615 2.810972 2.810972 3.406847
13.836637 0.020632 0.020632 2.810998 2.810998 3.407781
13.851552 0.020648 0.020648 2.811022 2.811022 3.408842
13.866466 0.020666 0.020666 2.811046 2.811046 3.409696
13.881381 0.020683 0.020683 2.811072 2.811072 3.410699
13.896296 0.020704 0.020704 2.810048 2.810048 3.414759
13.911211 0.020717 0.020717 2.811122 2.811122 3.412768
13.926126 0.020733 0.020733 2.811148 2.811148 3.413847
13.941041 0.020750 0.020750 2.811170 2.811170 3.414930
13.955956 0.020767 0.020767 2.811200 2.811200 3.416081
13.970871 0.020785 0.020785 2.811226 2.811226 3.417243
13.985786 0.020801 0.020801 2.811252 2.811252 3.418426
14.000701 0.020818 0.020818 2.811280 2.811280 3.419658
14.015616 0.020832 0.020832 2.810108 2.810108 3.417766
14.030531 0.020851 0.020851 2.811335 2.811335 3.422199
14.045445 0.020868 0.020868 2.811363 2.811363 3.423527
14.060360 0.020885 0.020885 2.811381 2.811381 3.424847
14.075275 0.020902 0.020902 2.811419 2.811419 3.426281
14.090190 0.020918 0.020918 2.811448 2.811448 3.427718
14.105105 0.020935 0.020935 2.811476 2.811476 3.429178
14.120020 0.020952 0.020952 2.811506 2.811506 3.430709
14.134935 0.020968 0.020968 2.811536 2.811536 3.432269
14.149850 0.020985 0.020985 2.811566 2.811566 3.433876
14.164765 0.021002 0.021002 2.811595 2.811595 3.435515
14.179680 0.021018 0.021018 2.811626 2.811626 3.437230
14.194595 0.021037 0.021037 2.811860 2.811860 3.470126
14.209510 0.021052 0.021052 2.811688 2.811688 3.440787
14.224424 0.021068 0.021068 2.811719 2.811719 3.442657
14.239339 0.021085 0.021085 2.811739 2.811739 3.444510
14.254254 0.021101 0.021101 2.811783 2.811783 3.446567
14.269169 0.021118 0.021118 2.811815 2.811815 3.448623
14.284084 0.021135 0.021135 2.811847 2.811847 3.450725
14.298999 0.021151 0.021151 2.811881 2.811881 3.452945
14.313914 0.021167 0.021167 2.811930 2.811930 3.452266
14.328829 0.021184 0.021184 2.811947 2.811947 3.457578
14.343744 0.021201 0.021201 2.811982 2.811982 3.460037
14.358659 0.021217 0.021217 2.812040 2.812040 3.462727
14.373574 0.021233 0.021233 2.812050 2.812050 3.465233
14.388488 0.021250 0.021250 2.812085 2.812085 3.467996
14.403403 0.021266 0.021266 2.812119 2.812119 3.470837
14.418318 0.021283 0.021283 2.812156 2.812156 3.473884
14.433233 0.021300 0.021300 2.812192 2.812192 3.476962
14.448148 0.021315 0.021315 2.812228 2.812228 3.480319
14.463063 0.021332 0.021332 2.812265 2.812265 3.483792
14.477978 0.021345 0.021345 2.812583 2.812583 3.476814
14.492893 0.021364 0.021364 2.812339 2.812339 3.491251
14.507808 0.021381 0.021381 2.812377 2.812377 3.495279
14.522723 0.021397 0.021397 2.812411 2.812411 3.499430
14.537638 0.021413 0.021413 2.812453 2.812453 3.503953
14.552553 0.021430 0.021430 2.812491 2.812491 3.508581
14.567467 0.021446 0.021446 2.812530 2.812530 3.513341
14.582382 0.021462 0.021462 2.812570 2.812570 3.518184
14.597297 0.021480 0.021480 2.812914 2.812914 3.543050
14.612212 0.021495 0.021495 2.812649 2.812649 3.527422
14.627127 0.021511 0.021511 2.812690 2.812690 3.531483
14.642042 0.021527 0.021527 2.812722 2.812722 3.534892
14.656957 0.021543 0.021543 2.812772 2.812772 3.537942
14.671872 0.021559 0.021559 2.812813 2.812813 3.540331
14.686787 0.021575 0.021575 2.812854 2.812854 3.542244
14.701702 0.021591 0.021591 2.812897 2.812897 3.543748
14.716617 0.021607 0.021607 2.812966 2.812966 3.558184
14.731532 0.021624 0.021624 2.812983 2.812983 3.545812
14.746446 0.021640 0.021640 2.813026 2.813026 3.546471
14.761361 0.021656 0.021656 2.813087 2.813087 3.546905
14.776276 0.021672 0.021672 2.813114 2.813114 3.547262
14.791191 0.021688 0.021688 2.813158 2.813158 3.547441
14.806106 0.021704 0.021704 2.813201 2.813201 3.547511
14.821021 0.021720 0.021720 2.813248 2.813248 3.547478
14.835936 0.021736 0.021736 2.813294 2.813294 3.547351
14.850851 0.021752 0.021752 2.813339 2.813339 3.547175
14.865766 0.021767 0.021767 2.813386 2.813386 3.546918
14.880681 0.021781 0.021781 2.813745 2.813745 3.541677
14.895596 0.021799 0.021799 2.813479 2.813479 3.546246
14.910511 0.021815 0.021815 2.813526 2.813526 3.545837
14.925425 0.021831 0.021831 2.813571 2.813571 3.545389
14.940340 0.021847 0.021847 2.813622 2.813622 3.544903
14.955255 0.021863 0.021863 2.813671 2.813671 3.544385
14.970170 0.021879 0.021879 2.813719 2.813719 3.543838
14.985085 0.021894 0.021894 2.813769 2.813769 3.543260
15.000000 0.021912 0.021912 2.814189 2.814189 3.536903
